242057.522	3696514.127	1.257
242057.479	3696514.036	1.193
242057.450	3696513.940	1.082
242057.567	3696513.972	1.048
242057.686	3696514.050	1.051
242057.783	3696514.115	1.052
242057.906	3696514.204	1.053
242058.000	3696514.273	1.053
242058.087	3696514.335	1.054
242058.184	3696514.407	1.056
242058.294	3696514.492	1.058
242058.386	3696514.563	1.058
242058.480	3696514.633	1.057
242058.567	3696514.701	1.058
242058.652	3696514.771	1.059
242058.783	3696514.866	1.065
242058.880	3696514.930	1.069
242058.962	3696514.991	1.073
242059.065	3696515.054	1.080
242059.159	3696515.121	1.087
242059.256	3696515.188	1.094
242059.378	3696515.261	1.103
242059.467	3696515.316	1.109
242059.590	3696515.385	1.120
242059.690	3696515.425	1.129
242059.808	3696515.494	1.134
242059.928	3696515.572	1.139
242060.039	3696515.638	1.143
242060.144	3696515.707	1.148
242060.248	3696515.770	1.152
242060.334	3696515.826	1.153
242060.429	3696515.883	1.154
242060.558	3696515.968	1.154
242060.650	3696516.041	1.157
242060.761	3696516.117	1.158
242060.904	3696516.210	1.159
242061.021	3696516.287	1.159
242061.127	3696516.356	1.161
242061.229	3696516.425	1.161
242061.325	3696516.491	1.162
242061.413	3696516.553	1.163
242061.498	3696516.610	1.164
242061.619	3696516.687	1.165
242061.760	3696516.771	1.168
242061.880	3696516.842	1.169
242062.006	3696516.912	1.171
242062.119	3696516.978	1.172
242062.232	3696517.040	1.173
242062.339	3696517.101	1.175
242062.442	3696517.155	1.176
242062.552	3696517.221	1.176
242062.682	3696517.282	1.178
242062.825	3696517.363	1.179
242062.934	3696517.421	1.178
242063.066	3696517.512	1.177
242063.183	3696517.586	1.175
242063.293	3696517.655	1.173
242063.404	3696517.723	1.172
242063.505	3696517.789	1.170
242063.616	3696517.852	1.168
242063.711	3696517.912	1.164
242063.816	3696517.977	1.162
242063.907	3696518.041	1.160
242064.016	3696518.110	1.159
242064.111	3696518.169	1.158
242064.227	3696518.239	1.156
242064.379	3696518.332	1.152
242064.539	3696518.429	1.149
242064.698	3696518.526	1.146
242064.861	3696518.622	1.143
242065.025	3696518.717	1.138
242065.113	3696518.770	1.135
242065.290	3696518.874	1.131
242065.390	3696518.933	1.129
242065.477	3696518.991	1.129
242065.572	3696519.046	1.128
242065.666	3696519.100	1.126
242065.757	3696519.155	1.124
242065.843	3696519.207	1.122
242065.998	3696519.313	1.118
242066.139	3696519.413	1.114
242066.256	3696519.495	1.110
242066.341	3696519.555	1.110
242066.427	3696519.616	1.109
242066.529	3696519.677	1.104
242066.614	3696519.736	1.104
242066.699	3696519.794	1.103
242066.845	3696519.903	1.100
242066.939	3696519.968	1.099
242067.022	3696520.029	1.098
242067.113	3696520.090	1.096
242067.200	3696520.150	1.095
242067.366	3696520.265	1.091
242067.516	3696520.368	1.085
242067.674	3696520.481	1.080
242067.807	3696520.575	1.077
242067.954	3696520.683	1.074
242068.079	3696520.765	1.070
242068.222	3696520.865	1.067
242068.394	3696520.975	1.062
242068.479	3696521.035	1.060
242068.564	3696521.095	1.058
242068.656	3696521.159	1.055
242068.738	3696521.221	1.054
242068.833	3696521.287	1.052
242068.914	3696521.354	1.051
242069.000	3696521.412	1.050
242069.085	3696521.468	1.049
242069.250	3696521.587	1.046
242069.393	3696521.688	1.041
242069.546	3696521.800	1.036
242069.666	3696521.896	1.033
242069.805	3696522.008	1.031
242069.963	3696522.122	1.029
242070.063	3696522.194	1.028
242070.144	3696522.261	1.029
242070.226	3696522.325	1.029
242070.317	3696522.388	1.029
242070.406	3696522.452	1.029
242070.490	3696522.514	1.031
242070.573	3696522.574	1.032
242070.655	3696522.632	1.035
242070.816	3696522.750	1.042
242070.984	3696522.846	1.051
242071.150	3696522.951	1.060
242071.299	3696523.021	1.067
242071.462	3696523.110	1.074
242071.594	3696523.173	1.080
242071.706	3696523.241	1.084
242071.796	3696523.296	1.088
242071.904	3696523.364	1.090
242072.011	3696523.429	1.093
242072.114	3696523.490	1.095
242072.209	3696523.547	1.097
242072.304	3696523.604	1.097
242072.397	3696523.659	1.097
242072.485	3696523.713	1.097
242072.583	3696523.764	1.096
242072.737	3696523.872	1.096
242072.896	3696523.981	1.098
242073.036	3696524.081	1.100
242073.197	3696524.187	1.102
242073.370	3696524.298	1.101
242073.475	3696524.368	1.101
242073.571	3696524.423	1.100
242073.670	3696524.493	1.100
242073.768	3696524.563	1.099
242073.866	3696524.633	1.098
242073.961	3696524.691	1.098
242074.059	3696524.762	1.097
242074.154	3696524.824	1.097
242074.247	3696524.887	1.098
242074.341	3696524.951	1.098
242074.433	3696525.008	1.099
242074.523	3696525.064	1.099
242074.609	3696525.117	1.099
242074.706	3696525.177	1.099
242074.861	3696525.279	1.099
242075.029	3696525.392	1.101
242075.168	3696525.481	1.102
242075.283	3696525.552	1.102
242075.382	3696525.615	1.103
242075.492	3696525.682	1.103
242075.600	3696525.747	1.103
242075.705	3696525.811	1.102
242075.802	3696525.869	1.102
242075.901	3696525.932	1.102
242075.998	3696525.995	1.102
242076.091	3696526.057	1.102
242076.192	3696526.119	1.101
242076.280	3696526.177	1.101
242076.365	3696526.231	1.100
242076.547	3696526.343	1.098
242076.704	3696526.440	1.095
242076.879	3696526.545	1.094
242077.016	3696526.632	1.092
242077.135	3696526.705	1.092
242077.232	3696526.769	1.091
242077.347	3696526.839	1.091
242077.460	3696526.906	1.090
242077.569	3696526.973	1.089
242077.670	3696527.034	1.089
242077.772	3696527.100	1.087
242077.870	3696527.165	1.086
242077.963	3696527.228	1.085
242078.062	3696527.292	1.085
242078.151	3696527.355	1.084
242078.236	3696527.415	1.084
242078.319	3696527.473	1.083
242078.416	3696527.538	1.083
242078.572	3696527.643	1.080
242078.743	3696527.757	1.079
242078.863	3696527.838	1.078
242078.981	3696527.918	1.078
242079.098	3696527.994	1.078
242079.192	3696528.061	1.078
242079.287	3696528.127	1.078
242079.411	3696528.199	1.077
242079.516	3696528.265	1.076
242079.615	3696528.329	1.075
242079.713	3696528.392	1.074
242079.805	3696528.455	1.072
242079.897	3696528.514	1.072
242079.995	3696528.580	1.071
242080.083	3696528.638	1.070
242080.167	3696528.693	1.069
242080.252	3696528.749	1.068
242080.350	3696528.815	1.067
242080.512	3696528.924	1.066
242080.691	3696529.042	1.065
242080.844	3696529.141	1.062
242081.015	3696529.253	1.061
242081.147	3696529.339	1.061
242081.308	3696529.452	1.061
242081.475	3696529.559	1.059
242081.581	3696529.627	1.057
242081.680	3696529.692	1.056
242081.778	3696529.758	1.054
242081.874	3696529.823	1.053
242081.968	3696529.887	1.052
242082.068	3696529.957	1.052
242082.157	3696530.017	1.051
242082.324	3696530.125	1.050
242082.423	3696530.192	1.049
242082.587	3696530.291	1.046
242082.714	3696530.375	1.044
242082.816	3696530.441	1.043
242082.939	3696530.522	1.042
242083.058	3696530.603	1.040
242083.175	3696530.681	1.039
242083.272	3696530.754	1.039
242083.384	3696530.829	1.038
242083.494	3696530.900	1.038
242083.600	3696530.968	1.037
242083.703	3696531.037	1.036
242083.800	3696531.101	1.034
242083.893	3696531.165	1.032
242083.983	3696531.229	1.031
242084.082	3696531.299	1.031
242084.166	3696531.362	1.030
242084.250	3696531.420	1.029
242084.431	3696531.549	1.027
242084.633	3696531.685	1.025
242084.756	3696531.771	1.025
242084.854	3696531.844	1.025
242084.971	3696531.927	1.026
242085.089	3696532.010	1.027
242085.205	3696532.089	1.028
242085.305	3696532.159	1.030
242085.415	3696532.234	1.031
242085.522	3696532.304	1.031
242085.627	3696532.372	1.031
242085.731	3696532.440	1.032
242085.829	3696532.504	1.033
242085.924	3696532.565	1.034
242086.019	3696532.623	1.035
242086.119	3696532.693	1.037
242086.211	3696532.747	1.038
242086.302	3696532.797	1.039
242086.392	3696532.846	1.041
242086.494	3696532.915	1.043
242086.656	3696533.004	1.046
242086.836	3696533.109	1.047
242086.978	3696533.198	1.050
242087.118	3696533.283	1.052
242087.252	3696533.360	1.055
242087.422	3696533.460	1.057
242087.535	3696533.531	1.057
242087.646	3696533.599	1.058
242087.753	3696533.666	1.058
242087.858	3696533.731	1.059
242087.958	3696533.794	1.059
242088.056	3696533.854	1.059
242088.152	3696533.913	1.058
242088.257	3696533.979	1.058
242088.347	3696534.035	1.058
242088.433	3696534.089	1.058
242088.567	3696534.178	1.057
242088.673	3696534.242	1.057
242088.802	3696534.328	1.056
242088.930	3696534.413	1.055
242089.054	3696534.495	1.053
242089.172	3696534.575	1.052
242089.288	3696534.653	1.051
242089.402	3696534.729	1.051
242089.511	3696534.802	1.052
242089.614	3696534.871	1.053
242089.721	3696534.937	1.053
242089.826	3696535.003	1.052
242089.929	3696535.066	1.052
242090.027	3696535.128	1.051
242090.121	3696535.190	1.050
242090.213	3696535.251	1.050
242090.303	3696535.311	1.050
242090.406	3696535.378	1.050
242090.493	3696535.435	1.050
242090.578	3696535.489	1.050
242090.710	3696535.574	1.050
242090.815	3696535.640	1.050
242090.919	3696535.704	1.050
242091.044	3696535.786	1.049
242091.167	3696535.867	1.049
242091.271	3696535.931	1.049
242091.387	3696536.008	1.049
242091.499	3696536.081	1.048
242091.603	3696536.152	1.047
242091.706	3696536.218	1.047
242091.808	3696536.282	1.047
242091.908	3696536.344	1.046
242092.006	3696536.405	1.045
242092.110	3696536.470	1.045
242092.202	3696536.526	1.044
242092.290	3696536.580	1.043
242092.377	3696536.635	1.043
242092.477	3696536.700	1.043
242092.641	3696536.806	1.043
242092.774	3696536.889	1.043
242092.876	3696536.953	1.043
242093.004	3696537.035	1.043
242093.130	3696537.113	1.042
242093.251	3696537.190	1.042
242093.353	3696537.256	1.042
242093.468	3696537.331	1.043
242093.581	3696537.403	1.044
242093.691	3696537.472	1.045
242093.793	3696537.538	1.046
242093.898	3696537.604	1.047
242093.999	3696537.663	1.048
242094.099	3696537.722	1.048
242094.204	3696537.784	1.049
242094.296	3696537.840	1.048
242094.385	3696537.893	1.048
242094.566	3696538.006	1.048
242094.728	3696538.102	1.049
242094.900	3696538.208	1.050
242094.997	3696538.268	1.051
242095.098	3696538.319	1.051
242095.195	3696538.372	1.051
242095.292	3696538.424	1.051
242095.457	3696538.532	1.051
242095.559	3696538.593	1.052
242095.699	3696538.678	1.054
242095.808	3696538.741	1.056
242095.913	3696538.799	1.057
242096.013	3696538.857	1.058
242096.110	3696538.913	1.059
242096.198	3696538.966	1.059
242096.364	3696539.070	1.060
242096.459	3696539.124	1.060
242096.613	3696539.225	1.060
242096.759	3696539.315	1.061
242096.856	3696539.372	1.061
242096.994	3696539.457	1.061
242097.128	3696539.540	1.062
242097.255	3696539.621	1.063
242097.350	3696539.680	1.063
242097.467	3696539.753	1.064
242097.582	3696539.821	1.065
242097.691	3696539.887	1.065
242097.790	3696539.945	1.065
242097.890	3696540.005	1.065
242097.986	3696540.062	1.064
242098.078	3696540.115	1.063
242098.176	3696540.170	1.062
242098.338	3696540.270	1.060
242098.510	3696540.371	1.056
242098.604	3696540.428	1.054
242098.787	3696540.531	1.052
242098.920	3696540.611	1.051
242099.014	3696540.671	1.050
242099.134	3696540.748	1.048
242099.252	3696540.820	1.047
242099.365	3696540.888	1.045
242099.462	3696540.947	1.043
242099.567	3696541.012	1.040
242099.666	3696541.075	1.037
242099.760	3696541.139	1.034
242099.854	3696541.199	1.031
242099.941	3696541.259	1.028
242100.026	3696541.318	1.026
242100.109	3696541.376	1.023
242100.199	3696541.438	1.020
242100.349	3696541.542	1.012
242100.484	3696541.628	1.008
242100.574	3696541.689	1.003
242100.663	3696541.748	0.999
242100.788	3696541.831	0.993
242100.908	3696541.914	0.988
242100.996	3696541.980	0.984
242101.106	3696542.057	0.979
242101.211	3696542.131	0.976
242101.313	3696542.205	0.973
242101.399	3696542.275	0.969
242101.496	3696542.342	0.964
242101.590	3696542.403	0.959
242101.681	3696542.464	0.953
242101.771	3696542.529	0.946
242101.928	3696542.644	0.931
242102.079	3696542.770	0.919
242102.211	3696542.874	0.909
242102.350	3696542.996	0.901
242102.424	3696543.071	0.895
242102.520	3696543.107	0.881
242102.626	3696543.181	0.873
242102.731	3696543.259	0.863
242102.829	3696543.337	0.854
242102.923	3696543.412	0.845
242102.996	3696543.484	0.836
242103.079	3696543.556	0.828
242103.159	3696543.627	0.821
242103.235	3696543.696	0.813
242103.302	3696543.772	0.805
242103.440	3696543.897	0.789
242103.568	3696544.010	0.770
242103.684	3696544.116	0.748
242103.801	3696544.214	0.738
242103.862	3696544.294	0.727
242103.973	3696544.397	0.717
242104.079	3696544.491	0.708
242104.179	3696544.582	0.699
242104.275	3696544.669	0.690
242104.367	3696544.754	0.681
242104.454	3696544.837	0.671
242104.535	3696544.913	0.661
242104.593	3696544.997	0.650
242104.668	3696545.072	0.637
242104.739	3696545.143	0.624
242104.863	3696545.300	0.599
242104.971	3696545.430	0.576
242105.067	3696545.583	0.552
242105.172	3696545.688	0.526
242105.255	3696545.830	0.498
242105.336	3696545.917	0.469
242105.401	3696546.052	0.441
242105.502	3696546.227	0.399
242105.583	3696546.415	0.372
242105.636	3696546.505	0.358
242105.705	3696546.690	0.331
242105.798	3696546.849	0.303
242105.859	3696547.022	0.273
242105.932	3696547.153	0.246
242105.998	3696547.275	0.234
242106.007	3696547.376	0.222
242106.069	3696547.494	0.211
242106.130	3696547.609	0.202
242106.191	3696547.718	0.192
242106.196	3696547.821	0.182
242106.252	3696547.922	0.171
242106.308	3696548.019	0.160
242106.362	3696548.111	0.148
242106.371	3696548.213	0.136
242106.462	3696548.380	0.113
242106.506	3696548.562	0.094
242106.578	3696548.702	0.077
242106.613	3696548.871	0.060
242106.684	3696548.997	0.042
242106.725	3696549.126	0.032
242106.723	3696549.228	0.022
242106.761	3696549.352	0.013
242106.797	3696549.475	0.003
242106.831	3696549.593	6.278
242106.826	3696549.698	6.270
242106.856	3696549.807	6.262
242106.888	3696549.914	6.254
242106.919	3696550.016	6.246
242106.907	3696550.121	6.238
242106.937	3696550.217	6.230
242106.994	3696550.400	6.213
242106.984	3696550.508	6.204
242107.029	3696550.667	6.185
242107.035	3696550.845	6.166
242107.068	3696550.982	6.149
242107.079	3696551.117	6.140
242107.057	3696551.222	6.133
242107.034	3696551.327	6.125
242107.047	3696551.453	6.116
242107.060	3696551.577	6.107
242107.071	3696551.698	6.098
242107.078	3696551.815	6.090
242107.083	3696551.925	6.082
242107.087	3696552.030	6.075
242107.059	3696552.141	6.067
242107.067	3696552.340	6.052
242107.078	3696552.537	6.037
242107.083	3696552.721	6.022
242107.051	3696552.919	6.009
242107.049	3696553.084	5.999
242107.010	3696553.276	5.989
242107.000	3696553.479	5.979
242106.988	3696553.612	5.973
242106.951	3696553.724	5.968
242106.939	3696553.850	5.962
242106.928	3696553.972	5.957
242106.915	3696554.087	5.952
242106.874	3696554.200	5.949
242106.861	3696554.308	5.946
242106.849	3696554.413	5.944
242106.837	3696554.516	5.943
242106.795	3696554.627	5.942
242106.777	3696554.818	5.942
242106.732	3696555.023	5.940
242106.729	3696555.187	5.940
242106.692	3696555.376	5.937
242106.674	3696555.522	5.936
242106.656	3696555.665	5.935
242106.637	3696555.801	5.934
242106.602	3696555.914	5.933
242106.586	3696556.040	5.933
242106.570	3696556.163	5.932
242106.552	3696556.282	5.932
242106.516	3696556.398	5.932
242106.501	3696556.509	5.932
242106.485	3696556.616	5.932
242106.469	3696556.720	5.932
242106.433	3696556.835	5.933
242106.406	3696557.027	5.932
242106.379	3696557.207	5.931
242106.351	3696557.378	5.932
242106.312	3696557.526	5.932
242106.273	3696557.641	5.932
242106.236	3696557.756	5.932
242106.203	3696557.925	5.932
242106.170	3696558.063	5.931
242106.133	3696558.181	5.931
242106.101	3696558.309	5.930
242106.070	3696558.433	5.930
242106.041	3696558.550	5.929
242106.005	3696558.668	5.929
242105.978	3696558.782	5.929
242105.949	3696558.893	5.929
242105.922	3696559.000	5.929
242105.884	3696559.116	5.928
242105.861	3696559.218	5.928
242105.840	3696559.317	5.928
242105.779	3696559.531	5.929
242105.740	3696559.703	5.929
242105.686	3696559.902	5.931
242105.650	3696560.016	5.931
242105.599	3696560.227	5.931
242105.564	3696560.342	5.930
242105.529	3696560.476	5.930
242105.494	3696560.604	5.929
242105.460	3696560.726	5.930
242105.422	3696560.842	5.930
242105.393	3696560.956	5.931
242105.363	3696561.067	5.932
242105.335	3696561.174	5.933
242105.298	3696561.290	5.933
242105.274	3696561.390	5.933
242105.223	3696561.581	5.933
242105.187	3696561.697	5.933
242105.140	3696561.870	5.934
242105.082	3696562.066	5.935
242105.038	3696562.222	5.935
242104.994	3696562.375	5.934
242104.953	3696562.520	5.934
242104.918	3696562.638	5.934
242104.879	3696562.773	5.934
242104.840	3696562.904	5.933
242104.803	3696563.030	5.933
242104.766	3696563.148	5.933
242104.731	3696563.265	5.933
242104.698	3696563.378	5.934
242104.666	3696563.489	5.935
242104.627	3696563.606	5.935
242104.598	3696563.709	5.936
242104.545	3696563.900	5.937
242104.509	3696564.015	5.937
242104.459	3696564.189	5.938
242104.402	3696564.385	5.938
242104.368	3696564.500	5.937
242104.324	3696564.648	5.937
242104.282	3696564.791	5.937
242104.246	3696564.908	5.938
242104.206	3696565.040	5.938
242104.167	3696565.169	5.938
242104.132	3696565.297	5.939
242104.096	3696565.414	5.939
242104.062	3696565.532	5.939
242104.030	3696565.646	5.939
242103.998	3696565.755	5.939
242103.968	3696565.862	5.939
242103.937	3696565.965	5.939
242103.906	3696566.066	5.939
242103.854	3696566.236	5.939
242103.817	3696566.353	5.940
242103.767	3696566.515	5.940
242103.719	3696566.671	5.941
242103.674	3696566.825	5.941
242103.638	3696566.944	5.941
242103.603	3696567.063	5.941
242103.560	3696567.202	5.941
242103.519	3696567.336	5.941
242103.484	3696567.455	5.940
242103.446	3696567.581	5.940
242103.410	3696567.702	5.940
242103.374	3696567.819	5.940
242103.338	3696567.937	5.940
242103.306	3696568.049	5.940
242103.274	3696568.155	5.940
242103.244	3696568.257	5.941
242103.208	3696568.373	5.942
242103.179	3696568.470	5.943
242103.122	3696568.659	5.944
242103.087	3696568.777	5.944
242103.035	3696568.940	5.945
242102.976	3696569.133	5.946
242102.941	3696569.245	5.947
242102.913	3696569.344	5.948
242102.880	3696569.458	5.949
242102.846	3696569.580	5.949
242102.800	3696569.751	5.948
242102.762	3696569.880	5.948
242102.725	3696570.006	5.948
242102.689	3696570.127	5.948
242102.653	3696570.241	5.948
242102.621	3696570.352	5.949
242102.591	3696570.460	5.950
242102.560	3696570.566	5.951
242102.532	3696570.668	5.951
242102.504	3696570.768	5.951
242102.476	3696570.865	5.952
242102.419	3696571.074	5.952
242102.388	3696571.189	5.952
242102.342	3696571.328	5.952
242102.309	3696571.442	5.952
242102.264	3696571.591	5.953
242102.222	3696571.737	5.954
242102.181	3696571.878	5.955
242102.145	3696571.994	5.956
242102.106	3696572.128	5.957
242102.069	3696572.259	5.958
242102.033	3696572.387	5.958
242102.000	3696572.508	5.957
242101.966	3696572.623	5.957
242101.934	3696572.733	5.957
242101.900	3696572.840	5.957
242101.868	3696572.957	5.957
242101.836	3696573.059	5.957
242101.806	3696573.156	5.957
242101.743	3696573.367	5.959
242101.710	3696573.483	5.959
242101.673	3696573.616	5.959
242101.641	3696573.731	5.959
242101.599	3696573.880	5.960
242101.545	3696574.058	5.962
242101.504	3696574.197	5.962
242101.466	3696574.334	5.964
242101.429	3696574.466	5.965
242101.397	3696574.582	5.965
242101.362	3696574.703	5.966
242101.329	3696574.822	5.966
242101.296	3696574.937	5.966
242101.265	3696575.055	5.967
242101.234	3696575.161	5.967
242101.205	3696575.264	5.968
242101.156	3696575.436	5.968
242101.122	3696575.552	5.968
242101.089	3696575.669	5.969
242101.032	3696575.884	5.970
242100.989	3696576.046	5.970
242100.957	3696576.167	5.970
242100.918	3696576.314	5.970
242100.879	3696576.456	5.969
242100.842	3696576.593	5.968
242100.813	3696576.716	5.967
242100.777	3696576.844	5.966
242100.742	3696576.967	5.966
242100.708	3696577.086	5.966
242100.674	3696577.203	5.966
242100.643	3696577.316	5.965
242100.612	3696577.427	5.965
242100.582	3696577.536	5.965
242100.547	3696577.654	5.965
242100.517	3696577.754	5.965
242100.468	3696577.921	5.966
242100.419	3696578.087	5.966
242100.386	3696578.207	5.966
242100.338	3696578.362	5.966
242100.294	3696578.513	5.966
242100.250	3696578.658	5.965
242100.219	3696578.779	5.964
242100.178	3696578.915	5.963
242100.137	3696579.047	5.962
242100.098	3696579.175	5.963
242100.061	3696579.293	5.963
242100.028	3696579.414	5.964
242099.997	3696579.532	5.964
242099.964	3696579.645	5.965
242099.929	3696579.762	5.965
242099.902	3696579.868	5.965
242099.876	3696579.970	5.965
242099.819	3696580.183	5.963
242099.767	3696580.361	5.962
242099.708	3696580.560	5.961
242099.675	3696580.674	5.961
242099.643	3696580.788	5.960
242099.611	3696580.903	5.959
242099.574	3696581.036	5.959
242099.523	3696581.212	5.958
242099.485	3696581.350	5.958
242099.450	3696581.483	5.958
242099.416	3696581.610	5.958
242099.384	3696581.725	5.958
242099.349	3696581.843	5.957
242099.316	3696581.957	5.957
242099.284	3696582.068	5.957
242099.251	3696582.183	5.956
242099.222	3696582.286	5.956
242099.193	3696582.383	5.956
242099.164	3696582.480	5.955
242099.131	3696582.596	5.954
242099.098	3696582.712	5.953
242099.023	3696582.954	5.951
242098.990	3696583.069	5.950
242098.944	3696583.221	5.949
242098.899	3696583.369	5.948
242098.856	3696583.511	5.947
242098.820	3696583.629	5.946
242098.780	3696583.760	5.945
242098.741	3696583.886	5.944
242098.704	3696584.008	5.943
242098.669	3696584.125	5.941
242098.635	3696584.238	5.940
242098.602	3696584.347	5.939
242098.569	3696584.453	5.937
242098.536	3696584.556	5.936
242098.505	3696584.654	5.935
242098.445	3696584.839	5.933
242098.407	3696584.953	5.931
242098.360	3696585.114	5.930
242098.314	3696585.273	5.928
242098.268	3696585.423	5.927
242098.231	3696585.539	5.925
242098.189	3696585.681	5.924
242098.147	3696585.818	5.922
242098.107	3696585.951	5.920
242098.067	3696586.067	5.920
242098.029	3696586.191	5.919
242097.991	3696586.312	5.918
242097.956	3696586.430	5.917
242097.917	3696586.547	5.916
242097.885	3696586.657	5.914
242097.854	3696586.764	5.913
242097.821	3696586.866	5.911
242097.781	3696586.980	5.910
242097.749	3696587.077	5.910
242097.685	3696587.260	5.908
242097.646	3696587.373	5.907
242097.607	3696587.486	5.905
242097.567	3696587.611	5.901
242097.529	3696587.725	5.898
242097.487	3696587.857	5.895
242097.423	3696588.031	5.892
242097.385	3696588.151	5.891
242097.330	3696588.318	5.889
242097.277	3696588.493	5.886
242097.241	3696588.615	5.884
242097.204	3696588.724	5.882
242097.163	3696588.839	5.882
242097.125	3696588.951	5.881
242097.088	3696589.056	5.882
242097.045	3696589.166	5.882
242097.014	3696589.264	5.883
242096.959	3696589.435	5.883
242096.905	3696589.605	5.883
242096.863	3696589.722	5.883
242096.811	3696589.878	5.883
242096.760	3696590.028	5.884
242096.708	3696590.171	5.885
242096.660	3696590.310	5.886
242096.614	3696590.448	5.886
242096.569	3696590.583	5.887
242096.527	3696590.713	5.888
242096.486	3696590.831	5.888
242096.448	3696590.951	5.889
242096.410	3696591.068	5.889
242096.375	3696591.180	5.889
242096.335	3696591.297	5.889
242096.304	3696591.404	5.889
242096.273	3696591.505	5.890
242096.244	3696591.602	5.890
242096.206	3696591.716	5.890
242096.167	3696591.828	5.890
242096.129	3696591.983	5.892
242096.092	3696592.097	5.892
242096.042	3696592.249	5.893
242095.995	3696592.396	5.893
242095.952	3696592.537	5.894
242095.914	3696592.653	5.895
242095.871	3696592.785	5.896
242095.828	3696592.914	5.898
242095.787	3696593.040	5.900
242095.747	3696593.153	5.902
242095.710	3696593.272	5.904
242095.675	3696593.388	5.906
242095.641	3696593.501	5.907
242095.605	3696593.618	5.908
242095.572	3696593.724	5.908
242095.538	3696593.826	5.909
242095.506	3696593.923	5.910
242095.470	3696594.039	5.911
242095.433	3696594.155	5.912
242095.363	3696594.373	5.915
242095.328	3696594.489	5.916
242095.280	3696594.639	5.916
242095.234	3696594.787	5.917
242095.191	3696594.930	5.917
242095.158	3696595.049	5.917
242095.114	3696595.183	5.918
242095.072	3696595.312	5.919
242095.031	3696595.436	5.920
242094.993	3696595.554	5.921
242094.955	3696595.670	5.922
242094.919	3696595.785	5.923
242094.884	3696595.895	5.924
242094.849	3696596.003	5.924
242094.815	3696596.106	5.924
242094.781	3696596.205	5.924
242094.748	3696596.302	5.923
242094.714	3696596.418	5.923
242094.679	3696596.534	5.923
242094.625	3696596.690	5.923
242094.572	3696596.843	5.923
242094.523	3696596.990	5.924
242094.474	3696597.132	5.923
242094.428	3696597.270	5.922
242094.383	3696597.403	5.921
242094.346	3696597.521	5.920
242094.301	3696597.646	5.919
242094.256	3696597.767	5.919
242094.214	3696597.885	5.919
242094.173	3696598.000	5.919
242094.134	3696598.110	5.918
242094.097	3696598.217	5.917
242094.061	3696598.323	5.916
242094.025	3696598.426	5.916
242093.990	3696598.526	5.915
242093.958	3696598.621	5.914
242093.927	3696598.716	5.913
242093.889	3696598.831	5.912
242093.851	3696598.945	5.912
242093.801	3696599.085	5.911
242093.762	3696599.198	5.910
242093.712	3696599.350	5.908
242093.653	3696599.532	5.905
242093.618	3696599.643	5.903
242093.573	3696599.760	5.899
242093.536	3696599.869	5.898
242093.471	3696600.037	5.896
242093.431	3696600.156	5.895
242093.392	3696600.266	5.894
242093.353	3696600.376	5.892
242093.315	3696600.482	5.890
242093.279	3696600.586	5.889
242093.238	3696600.696	5.887
242093.196	3696600.805	5.886
242093.133	3696600.972	5.884
242093.091	3696601.081	5.883
242093.049	3696601.191	5.881
242092.995	3696601.348	5.879
242092.942	3696601.503	5.878
242092.890	3696601.650	5.876
242092.840	3696601.790	5.873
242092.792	3696601.926	5.871
242092.745	3696602.057	5.869
242092.700	3696602.171	5.867
242092.657	3696602.293	5.866
242092.615	3696602.411	5.865
242092.574	3696602.525	5.864
242092.537	3696602.636	5.862
242092.500	3696602.744	5.861
242092.464	3696602.849	5.859
242092.428	3696602.951	5.857
242092.386	3696603.063	5.855
242092.344	3696603.176	5.853
242092.279	3696603.328	5.850
242092.231	3696603.437	5.849
242092.149	3696603.663	5.847
242092.097	3696603.809	5.845
242092.051	3696603.921	5.843
242092.006	3696604.034	5.840
242091.956	3696604.168	5.838
242091.907	3696604.298	5.837
242091.858	3696604.407	5.835
242091.812	3696604.530	5.834
242091.769	3696604.651	5.833
242091.726	3696604.766	5.832
242091.677	3696604.877	5.830
242091.637	3696604.986	5.828
242091.598	3696605.089	5.826
242091.560	3696605.186	5.824
242091.514	3696605.298	5.821
242091.468	3696605.409	5.819
242091.407	3696605.557	5.819
242091.356	3696605.664	5.819
242091.270	3696605.897	5.821
242091.216	3696606.048	5.822
242091.166	3696606.158	5.823
242091.117	3696606.323	5.823
242091.070	3696606.437	5.824
242091.022	3696606.570	5.825
242090.975	3696606.683	5.825
242090.930	3696606.807	5.826
242090.886	3696606.928	5.828
242090.843	3696607.044	5.829
242090.794	3696607.155	5.830
242090.756	3696607.264	5.832
242090.720	3696607.370	5.833
242090.685	3696607.472	5.834
242090.640	3696607.586	5.834
242090.608	3696607.684	5.835
242090.543	3696607.855	5.839
242090.499	3696607.963	5.842
242090.439	3696608.116	5.846
242090.382	3696608.266	5.850
242090.329	3696608.410	5.853
242090.288	3696608.519	5.855
242090.242	3696608.648	5.858
242090.204	3696608.757	5.860
242090.161	3696608.880	5.862
242090.124	3696608.988	5.864
242090.087	3696609.104	5.866
242090.054	3696609.213	5.869
242090.022	3696609.318	5.872
242089.984	3696609.424	5.874
242089.957	3696609.522	5.876
242089.902	3696609.707	5.882
242089.869	3696609.811	5.885
242089.838	3696609.914	5.887
242089.799	3696610.045	5.891
242089.752	3696610.205	5.895
242089.701	3696610.340	5.897
242089.651	3696610.471	5.900
242089.582	3696610.671	5.905
242089.516	3696610.861	5.909
242089.481	3696610.959	5.911
242089.416	3696611.138	5.914
242089.367	3696611.296	5.916
242089.306	3696611.436	5.918
242089.257	3696611.567	5.921
242089.206	3696611.679	5.926
242089.163	3696611.790	5.929
242089.122	3696611.907	5.930
242089.082	3696612.022	5.930
242089.044	3696612.130	5.928
242088.991	3696612.292	5.923
242088.911	3696612.473	5.919
242088.854	3696612.618	5.914
242088.785	3696612.784	5.905
242088.732	3696612.919	5.892
242088.667	3696613.058	5.880
242088.621	3696613.173	5.869
242088.537	3696613.304	5.860
242088.468	3696613.422	5.850
242088.410	3696613.533	5.835
242088.356	3696613.638	5.814
242088.306	3696613.731	5.788
242088.223	3696613.849	5.745
242088.141	3696613.982	5.719
242088.045	3696614.137	5.693
242087.955	3696614.257	5.667
242087.867	3696614.392	5.640
242087.778	3696614.497	5.610
242087.703	3696614.615	5.577
242087.617	3696614.706	5.541
242087.552	3696614.796	5.503
242087.469	3696614.872	5.461
242087.376	3696615.004	5.419
242087.276	3696615.091	5.376
242087.193	3696615.191	5.331
242087.098	3696615.263	5.285
242087.029	3696615.345	5.239
242086.938	3696615.394	5.193
242086.833	3696615.512	5.148
242086.722	3696615.577	5.101
242086.634	3696615.678	5.056
242086.533	3696615.723	5.011
242086.439	3696615.760	4.967
242086.325	3696615.839	4.898
242086.227	3696615.903	4.828
242086.179	3696615.996	4.758
242086.120	3696616.090	4.666
242085.982	3696616.093	4.550
242085.894	3696616.151	4.503
242085.766	3696616.175	4.432
242085.655	3696616.185	4.362
242085.524	3696616.154	4.268
242085.393	3696616.211	4.196
242085.260	3696616.196	4.123
242085.141	3696616.241	4.049
242085.040	3696616.210	3.974
242084.933	3696616.182	3.873
242084.786	3696616.169	3.705
242084.687	3696616.101	3.633
242084.600	3696616.039	3.559
242084.516	3696615.980	3.465
242084.483	3696615.859	3.376
242084.413	3696615.944	3.332
242084.360	3696615.817	3.199
242084.324	3696615.697	3.147
242084.229	3696615.622	3.099
242084.153	3696615.475	3.025
242084.193	3696615.365	2.991
242084.098	3696615.255	2.963
242084.151	3696615.149	2.938
242084.093	3696615.054	2.912
242084.037	3696614.967	2.884
242084.017	3696614.834	2.843
242083.969	3696614.732	2.816
242083.926	3696614.630	2.794
242083.958	3696614.493	2.764
242083.947	3696614.386	2.737
242083.937	3696614.256	2.719
242083.927	3696614.089	2.701
242083.959	3696613.959	2.686
242083.964	3696613.824	2.672
242083.999	3696613.700	2.662
242084.032	3696613.548	2.655
242084.104	3696613.417	2.649
242084.110	3696613.305	2.646
242084.162	3696613.148	2.635
242084.196	3696612.997	2.624
242084.251	3696612.858	2.616
242084.285	3696612.725	2.611
242084.340	3696612.595	2.609
242084.366	3696612.471	2.605
242084.417	3696612.340	2.600
242084.438	3696612.237	2.595
242084.489	3696612.120	2.591
242084.523	3696611.979	2.587
242084.568	3696611.865	2.582
242084.609	3696611.742	2.577
242084.672	3696611.593	2.572
242084.743	3696611.455	2.568
242084.813	3696611.318	2.565
242084.867	3696611.191	2.562
242084.934	3696611.062	2.558
242084.979	3696610.955	2.553
242085.058	3696610.815	2.548
242085.128	3696610.681	2.543
242085.203	3696610.519	2.541
242085.284	3696610.372	2.539
242085.361	3696610.223	2.536
242085.437	3696610.083	2.535
242085.503	3696609.957	2.536
242085.577	3696609.827	2.538
242085.630	3696609.705	2.542
242085.726	3696609.532	2.546
242085.777	3696609.431	2.547
242085.824	3696609.335	2.549
242085.871	3696609.242	2.549
242085.919	3696609.155	2.551
242086.009	3696608.987	2.556
242086.095	3696608.835	2.563
242086.169	3696608.683	2.571
242086.242	3696608.534	2.579
242086.301	3696608.393	2.586
242086.365	3696608.252	2.593
242086.441	3696608.083	2.600
242086.519	3696607.921	2.609
242086.583	3696607.797	2.613
242086.635	3696607.697	2.617
242086.676	3696607.602	2.621
242086.723	3696607.511	2.624
242086.813	3696607.335	2.632
242086.891	3696607.158	2.640
242086.938	3696607.067	2.645
242086.984	3696606.974	2.649
242087.030	3696606.871	2.653
242087.109	3696606.702	2.661
242087.184	3696606.539	2.669
242087.266	3696606.374	2.678
242087.354	3696606.171	2.689
242087.401	3696606.056	2.694
242087.464	3696605.919	2.699
242087.525	3696605.783	2.704
242087.572	3696605.661	2.709
242087.630	3696605.530	2.713
242087.687	3696605.402	2.717
242087.739	3696605.279	2.720
242087.784	3696605.150	2.723
242087.831	3696605.038	2.725
242087.878	3696604.928	2.727
242087.923	3696604.820	2.729
242087.966	3696604.717	2.732
242088.008	3696604.620	2.734
242088.047	3696604.526	2.736
242088.086	3696604.434	2.738
242088.133	3696604.300	2.740
242088.210	3696604.126	2.742
242088.293	3696603.909	2.745
242088.339	3696603.772	2.745
242088.394	3696603.679	2.747
242088.440	3696603.541	2.748
242088.503	3696603.402	2.750
242088.582	3696603.201	2.752
242088.638	3696603.072	2.754
242088.714	3696602.870	2.755
242088.805	3696602.649	2.755
242088.851	3696602.510	2.755
242088.896	3696602.407	2.755
242088.940	3696602.307	2.755
242088.984	3696602.210	2.755
242089.033	3696602.069	2.754
242089.081	3696601.929	2.754
242089.146	3696601.814	2.753
242089.197	3696601.679	2.754
242089.261	3696601.529	2.754
242089.323	3696601.377	2.753
242089.372	3696601.241	2.753
242089.430	3696601.098	2.753
242089.488	3696600.960	2.753
242089.544	3696600.828	2.752
242089.597	3696600.688	2.752
242089.650	3696600.564	2.753
242089.702	3696600.443	2.754
242089.752	3696600.324	2.754
242089.799	3696600.210	2.754
242089.841	3696600.101	2.753
242089.880	3696599.995	2.752
242089.919	3696599.893	2.751
242089.964	3696599.760	2.749
242090.009	3696599.629	2.748
242090.104	3696599.410	2.748
242090.174	3696599.239	2.749
242090.226	3696599.108	2.750
242090.286	3696598.951	2.751
242090.344	3696598.799	2.751
242090.398	3696598.655	2.751
242090.449	3696598.516	2.750
242090.503	3696598.386	2.750
242090.554	3696598.261	2.751
242090.603	3696598.141	2.751
242090.654	3696598.007	2.752
242090.700	3696597.890	2.751
242090.745	3696597.776	2.751
242090.788	3696597.664	2.751
242090.836	3696597.530	2.751
242090.878	3696597.422	2.750
242090.917	3696597.317	2.749
242090.956	3696597.215	2.749
242091.001	3696597.084	2.748
242091.045	3696596.954	2.747
242091.115	3696596.770	2.746
242091.185	3696596.589	2.745
242091.234	3696596.454	2.745
242091.298	3696596.290	2.745
242091.360	3696596.130	2.745
242091.417	3696595.976	2.745
242091.470	3696595.842	2.746
242091.523	3696595.699	2.747
242091.571	3696595.560	2.748
242091.620	3696595.425	2.748
242091.668	3696595.296	2.747
242091.716	3696595.172	2.746
242091.762	3696595.051	2.745
242091.808	3696594.935	2.745
242091.857	3696594.800	2.745
242091.901	3696594.688	2.746
242091.943	3696594.581	2.746
242091.982	3696594.476	2.745
242092.030	3696594.343	2.744
242092.078	3696594.209	2.743
242092.145	3696594.059	2.742
242092.196	3696593.928	2.742
242092.246	3696593.796	2.742
242092.307	3696593.643	2.742
242092.355	3696593.512	2.742
242092.412	3696593.378	2.741
242092.487	3696593.185	2.739
242092.534	3696593.072	2.738
242092.609	3696592.891	2.739
242092.663	3696592.753	2.739
242092.714	3696592.621	2.738
242092.762	3696592.491	2.738
242092.813	3696592.360	2.738
242092.864	3696592.228	2.737
242092.905	3696592.129	2.737
242092.949	3696592.019	2.737
242092.999	3696591.888	2.736
242093.041	3696591.786	2.736
242093.083	3696591.688	2.736
242093.121	3696591.593	2.737
242093.173	3696591.462	2.737
242093.243	3696591.290	2.737
242093.308	3696591.119	2.738
242093.372	3696590.950	2.737
242093.444	3696590.768	2.737
242093.494	3696590.633	2.736
242093.551	3696590.485	2.736
242093.607	3696590.339	2.735
242093.661	3696590.197	2.734
242093.713	3696590.060	2.733
242093.763	3696589.929	2.732
242093.816	3696589.793	2.732
242093.869	3696589.658	2.732
242093.907	3696589.553	2.732
242093.950	3696589.436	2.732
242094.004	3696589.300	2.732
242094.044	3696589.191	2.731
242094.082	3696589.086	2.731
242094.120	3696588.984	2.731
242094.173	3696588.851	2.731
242094.210	3696588.756	2.732
242094.247	3696588.663	2.732
242094.316	3696588.489	2.733
242094.384	3696588.318	2.734
242094.449	3696588.151	2.735
242094.511	3696587.991	2.736
242094.573	3696587.837	2.737
242094.627	3696587.700	2.738
242094.682	3696587.557	2.739
242094.735	3696587.418	2.740
242094.784	3696587.285	2.741
242094.835	3696587.149	2.742
242094.884	3696587.013	2.743
242094.928	3696586.892	2.744
242094.969	3696586.776	2.744
242095.016	3696586.639	2.744
242095.053	3696586.538	2.744
242095.090	3696586.439	2.745
242095.127	3696586.341	2.746
242095.177	3696586.208	2.748
242095.245	3696586.023	2.749
242095.325	3696585.805	2.751
242095.375	3696585.669	2.752
242095.424	3696585.531	2.752
242095.484	3696585.368	2.753
242095.544	3696585.211	2.754
242095.602	3696585.061	2.754
242095.651	3696584.922	2.755
242095.706	3696584.781	2.756
242095.759	3696584.643	2.758
242095.809	3696584.509	2.759
242095.858	3696584.371	2.760
242095.907	3696584.232	2.761
242095.946	3696584.128	2.761
242095.986	3696584.013	2.762
242096.034	3696583.875	2.762
242096.072	3696583.768	2.762
242096.108	3696583.665	2.762
242096.142	3696583.564	2.762
242096.186	3696583.428	2.762
242096.249	3696583.250	2.760
242096.315	3696583.074	2.759
242096.361	3696582.938	2.759
242096.426	3696582.773	2.759
242096.490	3696582.611	2.760
242096.550	3696582.454	2.760
242096.601	3696582.318	2.761
242096.658	3696582.172	2.761
242096.711	3696582.032	2.762
242096.762	3696581.896	2.762
242096.809	3696581.758	2.762
242096.856	3696581.621	2.762
242096.907	3696581.513	2.763
242096.954	3696581.396	2.763
242097.001	3696581.261	2.762
242097.043	3696581.152	2.763
242097.084	3696581.048	2.763
242097.125	3696580.947	2.763
242097.173	3696580.812	2.763
242097.242	3696580.627	2.763
242097.308	3696580.447	2.763
242097.373	3696580.274	2.763
242097.420	3696580.140	2.762
242097.480	3696579.976	2.762
242097.539	3696579.816	2.762
242097.596	3696579.663	2.761
242097.642	3696579.522	2.760
242097.697	3696579.380	2.759
242097.751	3696579.242	2.759
242097.804	3696579.109	2.759
242097.855	3696578.972	2.760
242097.907	3696578.836	2.760
242097.945	3696578.725	2.761
242097.987	3696578.607	2.762
242098.036	3696578.473	2.762
242098.076	3696578.364	2.762
242098.117	3696578.260	2.762
242098.187	3696578.071	2.762
242098.235	3696577.933	2.762
242098.302	3696577.756	2.761
242098.382	3696577.554	2.761
242098.428	3696577.418	2.760
242098.474	3696577.281	2.759
242098.535	3696577.127	2.760
242098.595	3696576.977	2.760
242098.650	3696576.831	2.761
242098.700	3696576.697	2.761
242098.748	3696576.561	2.762
242098.794	3696576.431	2.762
242098.839	3696576.304	2.762
242098.885	3696576.170	2.762
242098.931	3696576.036	2.762
242098.971	3696575.936	2.761
242099.010	3696575.827	2.761
242099.054	3696575.696	2.760
242099.093	3696575.593	2.760
242099.129	3696575.494	2.760
242099.165	3696575.399	2.760
242099.212	3696575.268	2.759
242099.273	3696575.099	2.758
242099.346	3696574.896	2.758
242099.405	3696574.735	2.757
242099.450	3696574.609	2.757
242099.508	3696574.454	2.757
242099.553	3696574.326	2.757
242099.597	3696574.197	2.757
242099.650	3696574.057	2.757
242099.700	3696573.925	2.756
242099.745	3696573.798	2.755
242099.792	3696573.672	2.755
242099.837	3696573.554	2.755
242099.881	3696573.439	2.755
242099.930	3696573.315	2.755
242099.970	3696573.210	2.756
242100.008	3696573.111	2.756
242100.044	3696573.015	2.756
242100.087	3696572.889	2.754
242100.159	3696572.701	2.753
242100.231	3696572.517	2.751
242100.299	3696572.342	2.750
242100.346	3696572.213	2.750
242100.410	3696572.051	2.750
242100.476	3696571.869	2.751
242100.527	3696571.742	2.751
242100.578	3696571.615	2.752
242100.629	3696571.488	2.752
242100.675	3696571.332	2.751
242100.720	3696571.197	2.751
242100.766	3696571.068	2.751
242100.811	3696570.941	2.751
242100.856	3696570.824	2.750
242100.898	3696570.713	2.750
242100.944	3696570.585	2.750
242100.985	3696570.478	2.750
242101.025	3696570.376	2.750
242101.063	3696570.278	2.749
242101.111	3696570.152	2.748
242101.181	3696569.976	2.748
242101.261	3696569.767	2.747
242101.348	3696569.525	2.746
242101.407	3696569.363	2.745
242101.449	3696569.236	2.744
242101.504	3696569.088	2.742
242101.556	3696568.946	2.741
242101.608	3696568.809	2.740
242101.654	3696568.684	2.740
242101.704	3696568.560	2.739
242101.748	3696568.435	2.739
242101.789	3696568.314	2.739
242101.843	3696568.193	2.740
242101.881	3696568.082	2.740
242101.917	3696567.975	2.741
242101.954	3696567.873	2.741
242102.002	3696567.750	2.741
242102.048	3696567.625	2.742
242102.116	3696567.479	2.741
242102.157	3696567.356	2.740
242102.222	3696567.204	2.736
242102.298	3696567.018	2.734
242102.349	3696566.887	2.735
242102.419	3696566.717	2.738
242102.468	3696566.608	2.738
242102.508	3696566.433	2.737
242102.549	3696566.297	2.736
242102.585	3696566.176	2.734
242102.631	3696566.061	2.731
242102.675	3696565.951	2.729
242102.715	3696565.846	2.727
242102.753	3696565.736	2.725
242102.795	3696565.640	2.725
242102.867	3696565.458	2.726
242102.911	3696565.363	2.728
242102.968	3696565.197	2.729
242103.033	3696565.024	2.730
242103.084	3696564.904	2.730
242103.120	3696564.805	2.730
242103.177	3696564.667	2.730
242103.215	3696564.568	2.730
242103.285	3696564.415	2.730
242103.338	3696564.296	2.730
242103.378	3696564.203	2.730
242103.423	3696564.086	2.729
242103.466	3696563.972	2.729
242103.506	3696563.863	2.728
242103.544	3696563.765	2.727
242103.581	3696563.664	2.726
242103.617	3696563.564	2.725
242103.686	3696563.387	2.724
242103.725	3696563.291	2.723
242103.791	3696563.120	2.723
242103.856	3696562.953	2.724
242103.918	3696562.792	2.725
242103.961	3696562.691	2.726
242104.017	3696562.539	2.726
242104.072	3696562.391	2.725
242104.124	3696562.248	2.725
242104.162	3696562.145	2.724
242104.200	3696562.042	2.724
242104.253	3696561.907	2.723
242104.304	3696561.777	2.723
242104.355	3696561.652	2.723
242104.400	3696561.535	2.722
242104.443	3696561.420	2.723
242104.486	3696561.311	2.724
242104.529	3696561.212	2.725
242104.567	3696561.107	2.725
242104.604	3696561.007	2.726
242104.641	3696560.911	2.727
242104.678	3696560.810	2.728
242104.749	3696560.636	2.732
242104.813	3696560.484	2.735
242104.852	3696560.384	2.739
242104.910	3696560.238	2.745
242104.978	3696560.051	2.752
242105.020	3696559.950	2.760
242105.062	3696559.847	2.769
242105.102	3696559.745	2.776
242105.145	3696559.577	2.783
242105.178	3696559.444	2.790
242105.208	3696559.336	2.795
242105.240	3696559.214	2.800
242105.271	3696559.097	2.806
242105.303	3696558.985	2.813
242105.332	3696558.879	2.822
242105.362	3696558.774	2.831
242105.391	3696558.670	2.841
242105.417	3696558.568	2.852
242105.443	3696558.462	2.863
242105.480	3696558.277	2.886
242105.505	3696558.101	2.907
242105.523	3696557.935	2.929
242105.553	3696557.797	2.941
242105.560	3696557.691	2.953
242105.568	3696557.589	2.966
242105.613	3696557.429	2.980
242105.636	3696557.303	2.993
242105.643	3696557.200	3.006
242105.657	3696557.085	3.019
242105.667	3696556.975	3.031
242105.677	3696556.871	3.042
242105.669	3696556.771	3.053
242105.692	3696556.584	3.074
242105.727	3696556.436	3.084
242105.716	3696556.332	3.095
242105.752	3696556.194	3.107
242105.828	3696556.031	3.118
242105.821	3696555.929	3.130
242105.812	3696555.827	3.143
242105.840	3696555.701	3.156
242105.866	3696555.577	3.168
242105.887	3696555.457	3.180
242105.870	3696555.357	3.192
242105.850	3696555.257	3.203
242105.911	3696555.130	3.215
242105.931	3696555.022	3.227
242105.949	3696554.920	3.239
242105.965	3696554.819	3.252
242105.988	3696554.627	3.278
242105.966	3696554.529	3.292
242105.987	3696554.292	3.317
242105.998	3696554.144	3.330
242105.966	3696554.047	3.342
242105.977	3696553.907	3.354
242106.033	3696553.739	3.366
242105.999	3696553.641	3.379
242105.963	3696553.543	3.391
242105.927	3696553.446	3.404
242105.937	3696553.327	3.417
242105.949	3696553.212	3.430
242105.910	3696553.115	3.442
242105.921	3696553.005	3.455
242105.974	3696552.893	3.467
242105.933	3696552.704	3.491
242105.942	3696552.523	3.516
242105.901	3696552.349	3.541
242105.904	3696552.193	3.568
242105.855	3696552.036	3.594
242105.804	3696551.891	3.619
242105.740	3696551.688	3.644
242105.735	3696551.570	3.657
242105.731	3696551.458	3.670
242105.722	3696551.350	3.683
242105.657	3696551.163	3.711
242105.639	3696550.973	3.738
242105.570	3696550.809	3.765
242105.552	3696550.647	3.790
242105.449	3696550.445	3.816
242105.414	3696550.320	3.828
242105.378	3696550.202	3.841
242105.307	3696550.131	3.853
242105.270	3696550.021	3.865
242105.273	3696549.881	3.878
242105.126	3696549.746	3.904
242105.090	3696549.650	3.917
242105.052	3696549.557	3.930
242104.934	3696549.407	3.956
242104.852	3696549.347	3.969
242104.844	3696549.174	3.993
242104.761	3696549.119	4.005
242104.708	3696548.983	4.029
242104.600	3696548.866	4.054
242104.550	3696548.751	4.081
242104.435	3696548.647	4.105
242104.387	3696548.560	4.125
242104.273	3696548.479	4.143
242104.218	3696548.360	4.171
242104.073	3696548.232	4.192
242104.018	3696548.144	4.202
242103.871	3696548.024	4.222
242103.773	3696547.879	4.236
242103.631	3696547.779	4.242
242103.559	3696547.656	4.243
242103.437	3696547.559	4.241
242103.387	3696547.445	4.242
242103.278	3696547.351	4.245
242103.240	3696547.237	4.247
242103.139	3696547.146	4.247
242103.075	3696547.058	4.246
242103.012	3696546.973	4.245
242102.953	3696546.891	4.243
242102.813	3696546.772	4.239
242102.707	3696546.621	4.232
242102.574	3696546.506	4.226
242102.432	3696546.344	4.220
242102.253	3696546.205	4.213
242102.162	3696546.116	4.211
242102.071	3696546.030	4.208
242101.986	3696545.977	4.204
242101.901	3696545.895	4.201
242101.817	3696545.816	4.198
242101.736	3696545.741	4.195
242101.649	3696545.686	4.191
242101.583	3696545.594	4.188
242101.388	3696545.436	4.180
242101.298	3696545.382	4.176
242101.181	3696545.294	4.172
242101.067	3696545.208	4.168
242100.956	3696545.126	4.164
242100.865	3696545.069	4.160
242100.760	3696544.991	4.157
242100.657	3696544.914	4.153
242100.556	3696544.841	4.150
242100.468	3696544.783	4.146
242100.373	3696544.713	4.142
242100.282	3696544.644	4.140
242100.194	3696544.578	4.137
242100.107	3696544.516	4.134
242100.024	3696544.453	4.132
242099.871	3696544.332	4.127
242099.785	3696544.273	4.124
242099.647	3696544.158	4.117
242099.495	3696544.043	4.110
242099.384	3696543.942	4.104
242099.275	3696543.842	4.097
242099.118	3696543.724	4.089
242099.016	3696543.655	4.085
242098.934	3696543.593	4.082
242098.838	3696543.527	4.078
242098.743	3696543.463	4.074
242098.652	3696543.399	4.071
242098.570	3696543.336	4.068
242098.486	3696543.274	4.065
242098.406	3696543.213	4.063
242098.246	3696543.089	4.058
242098.120	3696543.002	4.055
242097.996	3696542.918	4.051
242097.876	3696542.836	4.048
242097.791	3696542.774	4.044
242097.681	3696542.695	4.039
242097.573	3696542.619	4.035
242097.469	3696542.543	4.030
242097.386	3696542.476	4.026
242097.291	3696542.406	4.023
242097.197	3696542.337	4.021
242097.105	3696542.268	4.019
242097.027	3696542.196	4.017
242096.938	3696542.129	4.015
242096.850	3696542.064	4.012
242096.765	3696542.002	4.008
242096.674	3696541.931	4.005
242096.526	3696541.816	3.997
242096.400	3696541.721	3.993
242096.316	3696541.648	3.990
242096.191	3696541.553	3.988
242096.067	3696541.458	3.987
242095.947	3696541.365	3.987
242095.863	3696541.284	3.987
242095.748	3696541.200	3.986
242095.634	3696541.120	3.985
242095.527	3696541.041	3.984
242095.438	3696540.965	3.984
242095.338	3696540.889	3.983
242095.239	3696540.813	3.984
242095.144	3696540.739	3.985
242095.051	3696540.663	3.986
242094.967	3696540.596	3.988
242094.882	3696540.533	3.990
242094.798	3696540.473	3.993
242094.710	3696540.396	3.996
242094.626	3696540.342	4.000
242094.460	3696540.244	4.007
242094.367	3696540.171	4.010
242094.273	3696540.098	4.012
242094.114	3696540.005	4.015
242093.991	3696539.925	4.019
242093.896	3696539.854	4.022
242093.783	3696539.777	4.026
242093.673	3696539.702	4.030
242093.566	3696539.633	4.033
242093.466	3696539.564	4.036
242093.367	3696539.500	4.039
242093.272	3696539.438	4.042
242093.180	3696539.374	4.044
242093.081	3696539.306	4.047
242092.993	3696539.248	4.050
242092.910	3696539.192	4.053
242092.734	3696539.073	4.060
242092.581	3696538.980	4.065
242092.411	3696538.871	4.069
242092.313	3696538.808	4.071
242092.195	3696538.719	4.074
242092.078	3696538.634	4.078
242091.979	3696538.569	4.081
242091.869	3696538.490	4.084
242091.761	3696538.414	4.087
242091.655	3696538.340	4.090
242091.555	3696538.276	4.093
242091.456	3696538.209	4.095
242091.359	3696538.144	4.098
242091.266	3696538.081	4.101
242091.165	3696538.019	4.103
242091.079	3696537.960	4.106
242090.997	3696537.902	4.108
242090.817	3696537.786	4.113
242090.669	3696537.686	4.118
242090.541	3696537.599	4.120
242090.442	3696537.542	4.121
242090.341	3696537.485	4.122
242090.220	3696537.403	4.123
242090.102	3696537.323	4.125
242090.001	3696537.263	4.126
242089.891	3696537.186	4.128
242089.785	3696537.113	4.131
242089.683	3696537.042	4.133
242089.583	3696536.979	4.136
242089.487	3696536.912	4.138
242089.393	3696536.848	4.141
242089.301	3696536.787	4.143
242089.213	3696536.727	4.145
242089.127	3696536.670	4.147
242089.043	3696536.614	4.149
242088.862	3696536.504	4.152
242088.714	3696536.405	4.155
242088.542	3696536.299	4.157
242088.442	3696536.240	4.159
242088.285	3696536.139	4.160
242088.161	3696536.063	4.162
242088.060	3696536.009	4.163
242087.947	3696535.937	4.164
242087.837	3696535.866	4.166
242087.730	3696535.798	4.167
242087.626	3696535.740	4.169
242087.526	3696535.677	4.171
242087.429	3696535.616	4.172
242087.334	3696535.558	4.174
242087.231	3696535.501	4.176
242087.141	3696535.445	4.178
242087.056	3696535.391	4.180
242086.894	3696535.288	4.185
242086.737	3696535.193	4.190
242086.557	3696535.098	4.193
242086.359	3696534.983	4.195
242086.232	3696534.910	4.197
242086.128	3696534.858	4.199
242086.012	3696534.789	4.200
242085.898	3696534.723	4.202
242085.790	3696534.662	4.204
242085.689	3696534.608	4.205
242085.585	3696534.551	4.205
242085.484	3696534.497	4.205
242085.387	3696534.446	4.204
242085.285	3696534.397	4.203
242085.198	3696534.347	4.201
242085.035	3696534.250	4.198
242084.888	3696534.157	4.195
242084.690	3696534.039	4.191
242084.593	3696533.988	4.189
242084.470	3696533.915	4.187
242084.350	3696533.842	4.185
242084.235	3696533.773	4.183
242084.139	3696533.720	4.181
242084.031	3696533.653	4.178
242083.926	3696533.588	4.176
242083.825	3696533.524	4.173
242083.729	3696533.470	4.171
242083.634	3696533.410	4.169
242083.543	3696533.351	4.167
242083.456	3696533.295	4.165
242083.363	3696533.238	4.163
242083.196	3696533.136	4.160
242083.026	3696533.029	4.157
242082.878	3696532.938	4.153
242082.752	3696532.861	4.151
242082.660	3696532.805	4.149
242082.538	3696532.730	4.148
242082.418	3696532.654	4.147
242082.302	3696532.581	4.146
242082.210	3696532.519	4.145
242082.101	3696532.454	4.144
242081.995	3696532.392	4.142
242081.892	3696532.332	4.139
242081.796	3696532.276	4.136
242081.699	3696532.219	4.133
242081.608	3696532.161	4.131
242081.519	3696532.105	4.128
242081.434	3696532.050	4.126
242081.266	3696531.949	4.122
242081.093	3696531.838	4.119
242080.938	3696531.750	4.117
242080.772	3696531.653	4.113
242080.652	3696531.581	4.110
242080.536	3696531.507	4.108
242080.424	3696531.437	4.106
242080.333	3696531.377	4.104
242080.227	3696531.310	4.102
242080.123	3696531.246	4.100
242080.023	3696531.184	4.099
242079.938	3696531.123	4.097
242079.844	3696531.062	4.096
242079.750	3696531.005	4.095
242079.662	3696530.951	4.093
242079.574	3696530.892	4.091
242079.425	3696530.800	4.086
242079.278	3696530.705	4.082
242079.159	3696530.626	4.079
242079.051	3696530.555	4.078
242078.881	3696530.440	4.076
242078.785	3696530.377	4.075
242078.698	3696530.319	4.074
242078.540	3696530.212	4.072
242078.398	3696530.116	4.071
242078.282	3696530.034	4.070
242078.171	3696529.962	4.069
242078.068	3696529.903	4.068
242077.974	3696529.849	4.067
242077.856	3696529.775	4.066
242077.743	3696529.697	4.066
242077.600	3696529.602	4.066
242077.497	3696529.531	4.066
242077.370	3696529.454	4.064
242077.278	3696529.394	4.062
242077.170	3696529.324	4.061
242077.046	3696529.244	4.060
242076.958	3696529.189	4.060
242076.858	3696529.124	4.059
242076.741	3696529.049	4.058
242076.605	3696528.967	4.057
242076.504	3696528.904	4.057
242076.412	3696528.846	4.057
242076.321	3696528.788	4.057
242076.220	3696528.720	4.056
242076.124	3696528.655	4.056
242076.009	3696528.579	4.056
242075.913	3696528.517	4.056
242075.823	3696528.459	4.056
242075.736	3696528.406	4.056
242075.651	3696528.353	4.056
242075.567	3696528.298	4.056
242075.468	3696528.232	4.056
242075.384	3696528.175	4.056
242075.302	3696528.118	4.056
242075.206	3696528.050	4.056
242075.120	3696527.990	4.056
242075.010	3696527.914	4.056
242074.911	3696527.843	4.056
242074.823	3696527.780	4.056
242074.740	3696527.722	4.056
242074.652	3696527.666	4.056
242074.565	3696527.607	4.056
